CSE532 A4 Dukyoung Eom 111309287

Output for Task 1.

C:\Users\Dukyoung\Desktop\CSE532_A4>hdfs dfs -cat /mapreduce/ageyearcount/output/part*
1       2000            25006
1       2001            25729
1       2002            27742
1       2003            27446
1       2004            25483
1       2005            23320
1       2006            22786
1       2007            23580
1       2008            25809
1       2009            24853
1       2010            22952
1       2011            24233
1       2012            21571
1       2013            18250
1       2014            13521
1       2015            11870
1       2016            11338
1       2017            12371
1       2018            11889
1       2019            11631
10      2000            75123
10      2001            80774
10      2002            92414
10      2003            96186
10      2004            99023
10      2005            112196
10      2006            121690
10      2007            131221
10      2008            146504
10      2009            149185
10      2010            144778
10      2011            152888
10      2012            148764
10      2013            146265
10      2014            139865
10      2015            146259
10      2016            150274
10      2017            163014
10      2018            169647
10      2019            154447
11      2000            48256
11      2001            48405
11      2002            55733
11      2003            57970
11      2004            58564
11      2005            66411
11      2006            73874
11      2007            79943
11      2008            91501
11      2009            95836
11      2010            97934
11      2011            107347
11      2012            110116
11      2013            113154
11      2014            115069
11      2015            128953
11      2016            142228
11      2017            168645
11      2018            195057
11      2019            187405
12      2000            11840
12      2001            11064
12      2002            11169
12      2003            11238
12      2004            10849
12      2005            11626
12      2006            11639
12      2007            12009
12      2008            13156
12      2009            13578
12      2010            13261
12      2011            13449
12      2012            14477
12      2013            14992
12      2014            15070
12      2015            16905
12      2016            19272
12      2017            24006
12      2018            29648
12      2019            29901
2       2000            112758
2       2001            119808
2       2002            130274
2       2003            129600
2       2004            121116
2       2005            121717
2       2006            123443
2       2007            122004
2       2008            131584
2       2009            131537
2       2010            118564
2       2011            121057
2       2012            102190
2       2013            85802
2       2014            67040
2       2015            61202
2       2016            58259
2       2017            57556
2       2018            52734
2       2019            45419
3       2000            114899
3       2001            117737
3       2002            125315
3       2003            123789
3       2004            122123
3       2005            128879
3       2006            128901
3       2007            128421
3       2008            137686
3       2009            140382
3       2010            130956
3       2011            122372
3       2012            108967
3       2013            95580
3       2014            77785
3       2015            71424
3       2016            70147
3       2017            69785
3       2018            64847
3       2019            52332
4       2000            162378
4       2001            177532
4       2002            198660
4       2003            203399
4       2004            209145
4       2005            227312
4       2006            230794
4       2007            230720
4       2008            245301
4       2009            249352
4       2010            239659
4       2011            237669
4       2012            225904
4       2013            218956
4       2014            196613
4       2015            188402
4       2016            189529
4       2017            184254
4       2018            172250
4       2019            140585
5       2000            206524
5       2001            201793
5       2002            214383
5       2003            217436
5       2004            224927
5       2005            255936
5       2006            274580
5       2007            284809
5       2008            306327
5       2009            311580
5       2010            299919
5       2011            301697
5       2012            291794
5       2013            291224
5       2014            283742
5       2015            301159
5       2016            330021
5       2017            355504
5       2018            356845
5       2019            305083
6       2000            266129
6       2001            257993
6       2002            259881
6       2003            245580
6       2004            226626
6       2005            229179
6       2006            222341
6       2007            220435
6       2008            234378
6       2009            239023
6       2010            237947
6       2011            250866
6       2012            251206
6       2013            254633
6       2014            249091
6       2015            265623
6       2016            294752
6       2017            327488
6       2018            346579
6       2019            319724
7       2000            313084
7       2001            302435
7       2002            305401
7       2003            283204
7       2004            258358
7       2005            262053
7       2006            256012
7       2007            245304
7       2008            240391
7       2009            222214
7       2010            198573
7       2011            188123
7       2012            179000
7       2013            179405
7       2014            179124
7       2015            196234
7       2016            225562
7       2017            261832
7       2018            287211
7       2019            268047
8       2000            257079
8       2001            262829
8       2002            282279
8       2003            281088
8       2004            269832
8       2005            279210
8       2006            272826
8       2007            262372
8       2008            258274
8       2009            237097
8       2010            211502
8       2011            205039
8       2012            186273
8       2013            170218
8       2014            154501
8       2015            154438
8       2016            158789
8       2017            176128
8       2018            193853
8       2019            189110
9       2000            155903
9       2001            163839
9       2002            186069
9       2003            189007
9       2004            187605
9       2005            205915
9       2006            217805
9       2007            225604
9       2008            237557
9       2009            231304
9       2010            211765
9       2011            205785
9       2012            187940
9       2013            172033
9       2014            156154
9       2015            158471
9       2016            162285
9       2017            175429
9       2018            179949
9       2019            160683
-----------------------------------------------------------------------------------------------------------

Output for Task 2.

C:\Users\Dukyoung\Desktop\CSE532_A4>hdfs dfs -cat /mapreduce/uniquecbsa/output/part*
-9
10180
10380
10420
10500
10540
10580
10740
10780
10900
11020
11100
11260
11460
11500
11540
11640
11700
11780
12020
12060
12100
12220
12260
12300
12420
12540
12580
12620
12700
12940
12980
13020
13140
13380
13460
13740
13780
13820
13980
14010
14140
14260
14460
14500
14540
14740
14860
15180
15380
15500
15540
15940
15980
16300
16540
16580
16620
16700
16740
16820
16860
16980
17020
17140
17200
17300
17420
17460
17660
17780
17820
17860
17900
17980
18140
18180
18580
18880
19060
19100
19140
19260
19300
19340
19380
19460
19500
19660
19740
19780
19820
20020
20100
20260
20380
20500
20700
20740
20940
21060
21340
21500
21660
21700
21780
22020
22140
22180
22220
22380
22420
22500
22520
22660
22900
23420
23460
23540
23580
24020
24140
24300
24340
24540
24580
24660
24780
24860
25060
25180
25220
25260
25420
25500
25540
25620
25860
25900
25940
26090
26140
26380
26420
26580
26620
26820
26900
26980
27100
27140
27180
27260
27340
27460
27500
27620
27740
27780
27860
27900
27980
28020
28100
28140
28420
28660
28700
28740
28940
29100
29180
29340
29420
29460
29540
29620
29700
29740
29820
30140
30340
30460
30620
30700
30780
30860
30940
30980
31080
31100
31140
31180
31300
31340
31420
31460
31540
31700
31900
32420
32580
32780
32820
32900
32940
33100
33260
33340
33460
33660
33700
33740
33780
33860
34060
34100
34580
34740
34820
34900
34940
34980
35100
35300
35380
35620
35660
35840
35980
36100
36220
36260
36300
36500
36540
36740
36780
36860
36980
37100
37340
37460
37860
37900
37980
38060
38220
38300
38340
38660
38860
38900
38940
39060
39140
39300
39340
39380
39460
39540
39580
39660
39740
39820
39900
40060
40140
40220
40340
40380
40420
40580
40700
40900
40980
41060
41140
41180
41400
41420
41500
41540
41620
41660
41700
41740
41860
41940
41980
42020
42060
42100
42140
42200
42220
42260
42340
42540
42660
42680
43100
43300
43320
43340
43580
43620
43780
43900
44060
44100
44140
44180
44220
44300
44420
44700
44940
45060
45220
45300
45460
45500
45780
45820
45860
45900
45940
46180
46220
46340
46520
46540
46660
46700
47220
47260
47300
47380
47580
47900
47940
48060
48140
48260
48300
48540
48620
48660
48700
48900
49020
49180
49300
49340
49420
49620
49660
49700
-----------------------------------------------------------------------------------------------------------

Output for Task3.

C:\Users\Dukyoung\Desktop\CSE532_A4>hdfs dfs -cat /mapreduce/sparkageyearcount/output/part*
Age Group, Year, Admissions
1, 2000, 25006
1, 2001, 25729
1, 2002, 27742
1, 2003, 27446
1, 2004, 25483
1, 2005, 23320
1, 2006, 22786
1, 2007, 23580
1, 2008, 25809
1, 2009, 24853
1, 2010, 22952
1, 2011, 24233
1, 2012, 21571
1, 2013, 18250
1, 2014, 13521
1, 2015, 11870
1, 2016, 11338
1, 2017, 12371
1, 2018, 11889
1, 2019, 11631
2, 2000, 112758
2, 2001, 119808
2, 2002, 130274
2, 2003, 129600
2, 2004, 121116
2, 2005, 121717
2, 2006, 123443
2, 2007, 122004
2, 2008, 131584
2, 2009, 131537
2, 2010, 118564
2, 2011, 121057
2, 2012, 102190
2, 2013, 85802
2, 2014, 67040
2, 2015, 61202
2, 2016, 58259
2, 2017, 57556
2, 2018, 52734
2, 2019, 45419
3, 2000, 114899
3, 2001, 117737
3, 2002, 125315
3, 2003, 123789
3, 2004, 122123
3, 2005, 128879
3, 2006, 128901
3, 2007, 128421
3, 2008, 137686
3, 2009, 140382
3, 2010, 130956
3, 2011, 122372
3, 2012, 108967
3, 2013, 95580
3, 2014, 77785
3, 2015, 71424
3, 2016, 70147
3, 2017, 69785
3, 2018, 64847
3, 2019, 52332
4, 2000, 162378
4, 2001, 177532
4, 2002, 198660
4, 2003, 203399
4, 2004, 209145
4, 2005, 227312
4, 2006, 230794
4, 2007, 230720
4, 2008, 245301
4, 2009, 249352
4, 2010, 239659
4, 2011, 237669
4, 2012, 225904
4, 2013, 218956
4, 2014, 196613
4, 2015, 188402
4, 2016, 189529
4, 2017, 184254
4, 2018, 172250
4, 2019, 140585
5, 2000, 206524
5, 2001, 201793
5, 2002, 214383
5, 2003, 217436
5, 2004, 224927
5, 2005, 255936
5, 2006, 274580
5, 2007, 284809
5, 2008, 306327
5, 2009, 311580
5, 2010, 299919
5, 2011, 301697
5, 2012, 291794
5, 2013, 291224
5, 2014, 283742
5, 2015, 301159
5, 2016, 330021
5, 2017, 355504
5, 2018, 356845
5, 2019, 305083
6, 2000, 266129
6, 2001, 257993
6, 2002, 259881
6, 2003, 245580
6, 2004, 226626
6, 2005, 229179
6, 2006, 222341
6, 2007, 220435
6, 2008, 234378
6, 2009, 239023
6, 2010, 237947
6, 2011, 250866
6, 2012, 251206
6, 2013, 254633
6, 2014, 249091
6, 2015, 265623
6, 2016, 294752
6, 2017, 327488
6, 2018, 346579
6, 2019, 319724
7, 2000, 313084
7, 2001, 302435
7, 2002, 305401
7, 2003, 283204
7, 2004, 258358
7, 2005, 262053
7, 2006, 256012
7, 2007, 245304
7, 2008, 240391
7, 2009, 222214
7, 2010, 198573
7, 2011, 188123
7, 2012, 179000
7, 2013, 179405
7, 2014, 179124
7, 2015, 196234
7, 2016, 225562
7, 2017, 261832
7, 2018, 287211
7, 2019, 268047
8, 2000, 257079
8, 2001, 262829
8, 2002, 282279
8, 2003, 281088
8, 2004, 269832
8, 2005, 279210
8, 2006, 272826
8, 2007, 262372
8, 2008, 258274
8, 2009, 237097
8, 2010, 211502
8, 2011, 205039
8, 2012, 186273
8, 2013, 170218
8, 2014, 154501
8, 2015, 154438
8, 2016, 158789
8, 2017, 176128
8, 2018, 193853
8, 2019, 189110
9, 2000, 155903
9, 2001, 163839
9, 2002, 186069
9, 2003, 189007
9, 2004, 187605
9, 2005, 205915
9, 2006, 217805
9, 2007, 225604
9, 2008, 237557
9, 2009, 231304
9, 2010, 211765
9, 2011, 205785
9, 2012, 187940
9, 2013, 172033
9, 2014, 156154
9, 2015, 158471
9, 2016, 162285
9, 2017, 175429
9, 2018, 179949
9, 2019, 160683
10, 2000, 75123
10, 2001, 80774
10, 2002, 92414
10, 2003, 96186
10, 2004, 99023
10, 2005, 112196
10, 2006, 121690
10, 2007, 131221
10, 2008, 146504
10, 2009, 149185
10, 2010, 144778
10, 2011, 152888
10, 2012, 148764
10, 2013, 146265
10, 2014, 139865
10, 2015, 146259
10, 2016, 150274
10, 2017, 163014
10, 2018, 169647
10, 2019, 154447
11, 2000, 48256
11, 2001, 48405
11, 2002, 55733
11, 2003, 57970
11, 2004, 58564
11, 2005, 66411
11, 2006, 73874
11, 2007, 79943
11, 2008, 91501
11, 2009, 95836
11, 2010, 97934
11, 2011, 107347
11, 2012, 110116
11, 2013, 113154
11, 2014, 115069
11, 2015, 128953
11, 2016, 142228
11, 2017, 168645
11, 2018, 195057
11, 2019, 187405
12, 2000, 11840
12, 2001, 11064
12, 2002, 11169
12, 2003, 11238
12, 2004, 10849
12, 2005, 11626
12, 2006, 11639
12, 2007, 12009
12, 2008, 13156
12, 2009, 13578
12, 2010, 13261
12, 2011, 13449
12, 2012, 14477
12, 2013, 14992
12, 2014, 15070
12, 2015, 16905
12, 2016, 19272
12, 2017, 24006
12, 2018, 29648
12, 2019, 29901

-----------------------------------------------------------------------------------------------------------
 